gi_42779081_ref_NC_003909.8_
1 11768
11770 18247
20185 21245
21247 21620
21914 34001
34095 37237
38822 49919
50856 50952
54512 58075
58199 62978
64110 64329
64640 82385
82479 85606
85608 87108
87214 98756
98758 103752
107438 108336
117062 117145
120558 120685
135707 139065
139068 144946
144948 150222
151142 157482
159690 179670
179672 212833
213001 225033
225163 227068
227140 227941
229044 245364
245445 245719
245982 257850
257972 262449
262451 268054
269641 274410
275261 278477
279560 284989
285140 292381
294310 294414
296316 296437
296634 302127
302129 302381
302427 305344
305437 318553
318684 319524
321306 327700
327802 330738
335409 335470
335609 336032
340308 344739
345751 349495
349678 351188
351293 358518
360206 364413
364511 367119
370772 370860
370976 372175
372271 381647
382516 390326
390328 399747
399749 450266
450357 453082
455897 469679
469788 498457
498561 534629
534716 546445
546743 562602
562692 585572
585745 603396
604011 604906
604985 606404
606406 609468
611142 615169
615274 622663
622771 624236
624306 669852
669995 686115
686396 698616
700449 700965
701050 701772
703272 720734
720836 767098
768332 788373
788471 798114
798116 807427
807429 810737
810811 817910
818099 819363
819365 822883
824795 828435
828604 829004
829088 838020
838247 926740
926951 927859
928038 940307
940734 946141
946143 958723
960589 967386
967483 1026888
1027281 1069020
1069022 1071331
1071360 1079151
1079155 1094817
1094920 1106475
1106912 1107978
1108185 1109703
1109898 1114475
1114644 1127861
1127863 1127922
1127962 1128092
1128094 1128148
1128150 1131206
1131208 1132307
1132309 1140312
1140314 1159972
1160096 1160362
1161110 1163068
1163358 1198462
1198756 1208422
1208424 1248285
1248287 1249843
1249909 1262780
1264131 1269749
1269899 1309729
1309891 1320695
1321236 1359284
1359605 1385419
1386301 1386357
1386560 1407915
1408004 1425361
1425478 1429649
1430534 1457778
1458042 1460610
1463805 1476082
1478606 1490608
1490779 1490878
1490959 1512097
1512204 1518445
1518886 1529076
1529402 1534410
1534412 1535684
1535686 1537609
1537611 1537682
1537710 1537777
1537779 1538433
1538521 1547686
1547957 1564700
1564767 1569994
1569996 1577725
1578036 1579961
1579963 1580736
1580773 1581363
1581366 1586164
1586166 1600014
1600016 1601097
1601736 1628047
1628346 1635090
1635092 1637885
1638665 1643010
1643543 1650414
1650525 1660543
1660775 1660879
1660959 1670047
1670049 1672479
1672481 1721683
1722023 1728237
1728239 1728309
1728322 1763273
1763275 1767082
1767084 1804094
1804619 1834925
1834927 1874007
1874009 1899948
1900227 1902953
1902955 1905186
1905188 1907132
1907169 1908761
1908763 1908992
1908994 1926681
1928215 1933191
1933204 1970859
1970861 1981244
1981586 1983548
1983550 1991242
1991244 1995949
1996225 1996968
1996970 1997082
1997084 1999561
1999563 2003821
2003823 2004099
2004101 2006884
2006907 2028045
2028111 2030266
2030354 2030478
2030480 2043632
2043635 2043793
2043795 2046206
2046208 2050042
2050140 2062602
2062604 2088596
2089797 2094440
2094442 2103255
2103257 2120051
2120093 2133335
2133337 2133525
2133527 2136202
2136204 2136363
2136365 2144093
2144238 2151244
2151481 2154283
2154285 2161554
2161556 2170978
2170986 2179402
2179781 2184387
2184425 2184539
2184662 2200480
2200482 2217630
2217632 2224223
2224225 2224745
2224748 2239395
2239397 2244044
2244338 2260662
2260664 2274805
2274807 2282984
2282986 2304597
2304856 2308113
2308115 2309108
2309307 2336397
2336399 2339088
2339090 2339203
2339205 2339290
2339352 2340456
2340994 2341455
2341457 2341705
2341713 2350869
2350871 2350961
2351005 2352430
2352432 2364831
2364884 2368107
2368109 2371631
2371633 2374229
2374243 2390580
2392031 2394014
2394016 2394413
2394416 2394505
2394516 2394751
2394753 2395647
2395649 2415754
2415756 2421293
2421295 2442288
2442290 2442588
2442600 2444815
2444817 2452321
2452362 2469725
2469727 2471923
2471943 2473979
2473992 2480527
2480529 2487128
2487130 2489097
2489099 2491866
2491868 2496680
2496682 2513894
2513896 2517289
2517291 2530580
2530582 2530638
2530640 2534075
2534078 2534196
2534282 2534427
2534430 2540496
2540498 2555255
2555257 2556568
2556575 2556925
2556929 2564198
2564374 2564681
2564852 2564928
2565022 2565567
2565872 2568095
2568097 2568738
2568740 2569290
2569294 2571683
2571974 2579438
2579440 2579495
2579497 2584144
2584146 2587681
2587689 2593134
2593136 2594979
2595047 2599597
2600289 2611926
2611928 2613741
2613743 2621921
2621923 2627026
2627029 2627272
2627282 2633350
2633352 2638472
2638474 2638536
2638538 2638644
2638646 2643331
2643401 2645436
2645438 2647965
2647967 2660246
2660249 2665536
2665578 2678625
2678627 2679134
2679136 2680771
2680822 2687490
2687492 2692512
2693564 2702008
2702130 2702208
2702210 2702368
2702380 2713798
2713800 2718119
2718121 2720777
2720779 2731285
2731287 2731655
2731657 2734244
2734246 2734506
2734508 2734563
2734565 2734745
2734747 2741328
2741330 2741414
2741416 2753815
2753817 2755496
2755601 2757405
2757419 2757599
2757601 2758191
2758193 2787369
2787371 2810281
2810927 2812393
2812395 2832176
2832178 2845680
2845682 2848795
2848797 2857524
2857569 2857863
2857865 2865205
2865207 2868808
2868810 2903743
2903745 2913464
2913466 2965728
2965730 2978885
2978888 2995158
2995645 3015470
3018133 3023694
3023732 3045105
3045107 3051567
3051636 3053361
3053609 3066493
3066529 3066596
3066599 3067207
3067209 3108031
3108183 3108247
3108664 3113366
3113509 3118145
3119709 3119792
3120000 3127236
3128790 3136453
3136642 3139951
3139953 3159928
3160023 3163746
3163778 3205407
3205483 3214982
3215069 3222110
3222112 3225099
3227019 3233470
3233630 3245356
3245368 3247515
3247517 3248722
3248724 3256510
3256512 3291222
3291224 3318276
3318278 3363134
3363136 3374565
3374877 3385594
3385596 3387549
3387587 3431402
3431899 3471102
3471104 3480154
3481890 3489363
3489365 3499382
3499384 3528342
3528344 3536115
3536117 3546182
3546184 3559598
3560020 3560936
3562833 3581759
3581888 3584622
3585419 3615691
3618357 3618540
3618542 3620366
3620368 3620595
3620599 3633143
3635832 3647124
3647218 3647682
3647686 3647762
3647764 3649446
3649801 3658467
3658469 3665307
3665389 3688016
3688018 3689049
3689051 3696050
3696052 3698164
3698166 3702816
3704184 3707368
3707370 3709329
3709331 3729064
3729278 3739899
3740047 3750530
3752763 3753851
3754740 3757245
3757247 3757812
3758476 3759733
3765339 3769333
3769335 3776070
3776445 3782829
3782831 3787615
3787617 3809617
3809619 3833769
3833868 3839265
3839337 3843802
3843882 3845501
3847699 3882018
3882020 3886068
3886109 3897741
3898021 3908773
3909011 3914528
3914645 3920955
3921148 3933297
3933299 3940014
3940016 3941171
3941314 3958413
3958502 3961412
3961417 3968262
3970591 3986359
3987008 3993347
3993416 4004166
4004307 4006682
4006767 4010154
4010157 4010341
4010343 4010447
4010449 4014305
4014318 4014426
4014428 4015789
4016086 4022720
4023006 4031006
4031208 4033892
4033976 4040849
4041027 4042367
4043137 4050165
4050167 4050349
4050536 4055811
4055813 4055895
4055897 4056636
4057937 4060196
4060317 4062486
4062522 4062681
4062683 4065667
4065669 4067677
4067748 4070136
4071369 4076929
4076964 4077189
4077192 4078535
4078635 4085187
4085522 4086835
4087084 4099748
4099848 4102291
4102293 4112930
4113610 4138003
4138005 4139092
4139495 4142232
4142509 4150950
4151235 4202649
4205277 4205405
4205408 4236885
4237291 4243180
4243182 4281552
4281554 4296820
4296922 4304269
4306104 4332975
4333081 4337791
4338167 4340031
4345639 4356983
4358176 4358457
4360598 4361731
4361818 4362993
4362995 4364314
4364380 4365095
4365831 4365922
4367031 4371951
4372033 4375335
4380538 4408372
4408913 4413024
4413027 4413942
4414477 4414531
4415229 4420231
4421269 4429813
4429880 4431607
4431792 4436606
4437231 4437559
4439314 4440784
4440858 4468592
4468594 4473152
4474486 4479367
4479878 4509383
4512098 4513494
4513569 4516065
4516190 4539800
4543281 4564820
4565500 4575158
4575887 4576222
4576328 4588135
4588814 4589694
4589696 4623318
4624198 4627704
4627789 4628334
4628336 4646982
4648098 4648841
4650339 4650714
4650976 4655760
4656059 4659032
4659876 4671891
4673322 4695697
4696205 4708149
4708329 4709915
4711294 4723457
4728876 4732411
4732511 4734164
4735130 4742933
4744790 4788785
4789394 4793545
4793547 4796444
4796471 4807145
4809070 4810597
4810770 4827384
4828516 4834684
4843860 4844498
4844780 4848542
4849159 4853203
4853272 4858167
4858260 4866111
4866213 4884183
4884966 4930791
4930983 4933324
4933326 4938278
4938580 4939562
4939825 4966518
4966729 4997274
4997277 4997699
4997807 4998120
4999972 5000185
5000513 5015973
5019058 5019179
5023983 5024040
5026342 5028058
5029158 5037288
5037290 5037948
5038345 5042752
5043910 5045030
5047005 5054939
5055133 5060245
5060412 5061375
5061487 5081144
5083438 5086273
5087241 5087350
5088338 5100398
5100766 5100963
5101175 5102759
5103774 5109730
5109798 5120285
5120519 5136235
5137015 5139856
5139945 5140980
5141269 5141328
5141397 5181789
5182835 5203489
5204118 5210511
5210829 5210967
5211857 5224283
