NC_002516.2
41284 41808
43060 44208
54034 55050
230536 237162
264653 264955
286236 286331
294685 297393
333479 334191
499829 501301
618149 619341
672598 672728
697880 701782
721836 721998
723642 727192
785337 788905
791369 791708
796722 797720
896140 897262
898277 901516
1061895 1064618
1065071 1065774
1068535 1068727
1248503 1249858
1340742 1343378
1478854 1480212
1481084 1489814
1495496 1495585
1497978 1516316
1552537 1554252
1644316 1644557
2057279 2059712
2071799 2074405
2075589 2076881
2076992 2077064
2116708 2118519
2119153 2119239
2119463 2122576
2148551 2149425
2170132 2171279
2226248 2229136
2277497 2279378
2279530 2279839
2311108 2318222
2438985 2443081
2521430 2522443
2556861 2558889
2568463 2568668
2640083 2641520
2647641 2648733
2652165 2682631
2684921 2685117
2722711 2723312
2742757 2743312
2756237 2760272
2761565 2762284
2762653 2762842
2767385 2770810
2775632 2775731
2776455 2776976
2777510 2780434
2899086 2901785
3043475 3044846
3087637 3087872
3088110 3099299
3148253 3148358
3150585 3152563
3171532 3173532
3434115 3436522
3683576 3684538
3841999 3843396
3874417 3874646
3899935 3907187
3914109 3930742
4008819 4009421
4326876 4333211
4473544 4474915
4502415 4503696
4528523 4528749
4553809 4554321
4575823 4575903
4588561 4588667
4637285 4637596
4711662 4711815
4715551 4716373
4716902 4716959
4717510 4718600
4788611 4789756
4789852 4794175
4832506 4833149
4838374 4838762
5069009 5069469
5071541 5072700
5100865 5101242
5260623 5262098
5264137 5265301
5265518 5269264
5382521 5383892
5455012 5455223
5932986 5933280
6042960 6045021
6090789 6091685
