NC_018659.1
1 53274
55301 55684
60056 62103
64077 64248
65272 67693
70368 88544
NC_018666.1
1 8134
9452 17226
17320 23168
23759 28625
29330 30155
30332 35772
36083 37124
37875 40866
42972 45332
50263 54649
55246 74217
NC_018658.1
47603 55014
57307 93906
102740 102914
168130 171334
197563 197678
290844 291074
302751 335164
389043 389098
433363 434154
498011 498393
524718 525052
525781 530005
584263 584732
623762 625816
678042 679714
696020 696786
810999 812119
844584 844635
856668 860516
867083 867753
868187 868321
869339 883086
883496 941337
941726 944313
972758 972962
1178706 1180054
1227002 1228321
1283360 1303538
1309367 1309431
1328593 1333242
1344967 1345142
1396690 1396784
1453035 1453242
1491247 1491446
1576857 1604651
1621830 1623108
1714324 1715525
1826237 1826616
1932118 1932390
1936737 1936841
1943363 1953206
1956338 1956745
1974457 1975735
1977018 2006183
2020000 2022003
2022147 2053918
2055501 2055745
2061957 2062733
2063157 2066614
2088205 2091246
2096168 2098936
2148621 2153324
2155447 2155544
2157925 2158311
2160217 2160866
2161551 2162237
2163547 2166071
2166713 2172858
2173005 2196451
2196830 2197028
2270535 2270684
2288672 2297845
2333987 2334050
2337649 2338847
2356138 2393952
2525736 2546776
2546918 2547009
2547075 2548565
2550272 2585655
2666691 2667502
2705229 2710401
2738209 2738768
2892288 2893001
2893930 2926955
2927417 2940113
2973480 2973606
2982342 2983412
3103178 3103315
3140293 3142495
3144165 3144221
3145245 3206998
3207507 3225212
3226561 3226736
3256121 3256640
3259411 3259952
3264638 3264782
3264878 3265440
3273403 3274923
3285787 3286868
3287111 3287713
3287947 3288031
3288194 3293120
3293552 3317004
3399567 3400845
3470002 3470391
3527783 3528905
3579842 3581922
3582627 3582876
3593581 3593806
3605326 3610445
3612291 3614695
3615984 3619004
3621770 3624408
3679299 3680065
3690129 3690408
3692550 3693041
3694241 3694327
3696836 3697690
3816765 3818112
3818604 3819952
3835312 3835650
3843268 3844270
4009347 4009769
4038330 4038430
4060296 4060484
4128631 4156935
4185924 4186212
4187229 4188182
4220999 4224320
4224821 4226401
4234054 4235155
4398224 4398312
4476426 4476543
4499284 4499431
4503038 4513551
4535881 4538531
4539656 4541577
4544822 4564845
4566094 4573810
4583311 4588745
4589514 4599853
4601138 4606246
4625531 4626809
4668229 4669976
4670272 4671353
4673513 4674170
4735756 4771717
4772565 4784865
4828930 4829087
4833340 4833621
4928790 4929552
4931831 4933849
4965382 4965675
4970254 4970439
4971120 4973718
4974363 4975549
4983651 4986758
5019140 5022492
5055439 5055620
5091593 5091764
5107502 5112555
5155188 5158967
5204896 5210204
NC_018660.1
1 1549
