gi_346722940_ref_NC_016010.1_
2771 3468
13463 13589
13776 15347
16914 19858
20633 20741
24538 24875
28012 34958
36296 36353
37415 40065
44149 46431
46503 46618
47047 49697
51625 51738
53342 54480
54679 55625
56827 60464
62493 69337
69687 70065
72805 84471
84675 86030
86758 87412
87825 98570
98644 100470
101146 106801
109930 111127
112136 115873
119365 123097
124735 124904
126115 128386
130862 131133
131218 133492
135612 135739
137158 138714
141876 179217
180211 180330
181119 181322
181994 184352
185262 188775
189734 191380
192383 197751
201315 201508
214544 214913
227261 227593
228955 229923
232194 236859
239970 250444
252064 254494
254986 257000
258417 259786
263686 263875
265572 266712
268974 269350
270572 274355
278524 278683
280586 284348
288624 288797
293406 295823
297308 297541
299308 300006
301446 302673
305876 306017
306495 306551
307099 310497
311464 312532
312647 312730
313609 314584
315136 318493
319050 330382
331907 332405
333415 335254
335885 339003
340042 340249
341087 341206
341939 345138
345563 346480
347096 347289
350351 351184
359059 363814
365480 369784
371495 379219
380416 380632
382388 385134
386148 388164
389081 398437
399337 406517
409223 410700
412570 414969
416944 417019
417200 417259
420201 420254
423992 428072
429085 429579
429762 457687
458349 460585
461030 463119
463933 466788
485181 486285
487908 490233
490977 499786
500489 500894
504063 507933
508868 509043
513383 517316
523354 523910
526120 530798
532266 532343
534694 539045
542590 542735
544588 545207
548129 548550
549316 549460
556302 557269
557700 560688
566091 566261
568520 568657
572486 578191
580471 584749
584822 585448
588676 589119
589428 589488
590265 590945
593717 595298
595987 596139
596597 596690
598394 600794
603895 604140
605487 606160
608589 611003
611139 617220
619197 620342
620519 621138
622412 622474
623444 636657
638541 639693
639918 641209
641703 642044
643115 643440
646344 662513
663333 668376
669991 676127
676651 679074
681077 683233
684636 685850
686937 687124
687949 688244
690253 692237
693377 694866
697868 700001
700642 703957
706818 707021
709854 710135
716298 716488
717402 717546
718690 719393
720130 720252
722814 726775
727411 732574
740353 742523
745000 752095
753978 754150
761572 764489
767087 767425
770038 771390
773403 773462
777794 778739
784318 784532
785000 787905
793800 796516
798653 799951
804192 824865
831509 831653
835624 836043
836924 837568
841088 841961
845205 845825
848232 848336
849677 852978
855362 855505
856563 858026
858831 861418
861616 866430
869788 871734
873892 874905
875579 876479
879213 879433
887919 890553
892663 892907
899984 906359
907537 908363
909330 911716
912371 913181
914269 916366
918101 920990
922151 927577
928857 933761
933899 933958
938600 941456
944049 944213
944455 944695
945723 950321
959426 961942
963167 964981
966681 967321
970090 970152
977190 977470
979940 982617
985946 987846
994501 994692
995922 998732
1000709 1001013
1001898 1001990
1006613 1006818
1007515 1008798
1009267 1009634
1013174 1014300
1015364 1015667
1018548 1018805
1021432 1021523
1021606 1023047
1024889 1026931
1043955 1045444
1056754 1056996
1073394 1074356
1074495 1076145
1090743 1091109
1091699 1092194
1094350 1094481
1097185 1099165
1104099 1106543
1108451 1108552
1119300 1119904
1121037 1121265
1128927 1131375
1135171 1135654
1136858 1137696
1138487 1138816
1140714 1140796
1149505 1149624
1152280 1154069
1169803 1175411
1175694 1187381
1188595 1190601
1195475 1199370
1201989 1202806
1210836 1211584
1211926 1214804
1216008 1216161
1216329 1220980
1223451 1224594
1229910 1237484
1240540 1240912
1241492 1241949
1244161 1245120
1246635 1247324
1248813 1280589
1282844 1282963
1285312 1288319
1291768 1294279
1294882 1295464
1295657 1295788
1298547 1301189
1305045 1305241
1306752 1309070
1311385 1312338
1313552 1329313
1332967 1334336
1336205 1336743
1369717 1369938
1386936 1387266
1387673 1389701
1394322 1396195
1401760 1402302
1406176 1407515
1415043 1415541
1418102 1418297
1419184 1419425
1420909 1423016
1423852 1423906
1425286 1425466
1427054 1429488
1432162 1433084
1435676 1443922
1446083 1446625
1446742 1446796
1448983 1453600
1456635 1465513
1468831 1471110
1475926 1477120
1479477 1482102
1487896 1494313
1495369 1495454
1505193 1506509
1506815 1508821
1510257 1510816
1510950 1511096
1512611 1514488
1515717 1517628
1518238 1520223
1535657 1544922
1547014 1547162
1548802 1550741
1554042 1554192
1555588 1555898
1563293 1563505
1596332 1596604
1598820 1600145
1602227 1603423
1611431 1613015
1613228 1613299
1617560 1617791
1620006 1620204
1620809 1622517
1625000 1625179
1625739 1625870
1626665 1626830
1628776 1630788
1631463 1631534
1632257 1632436
1633434 1636903
1640149 1643684
1645672 1645751
1648831 1650673
1650742 1651394
1658225 1658800
1660314 1660540
1662012 1667232
1670238 1671890
1672960 1673068
1679902 1682549
1700374 1701243
1702445 1708605
1713474 1716926
1721758 1722526
1724600 1725892
1728133 1730482
1733351 1737118
1739321 1740044
1744952 1745132
1750736 1750803
1753717 1756624
1759083 1760496
1761979 1762040
1762938 1768027
1780243 1781999
1783945 1784228
1794202 1794453
1800696 1801757
1803356 1803450
1804503 1804635
1810283 1811723
1812671 1815517
1819401 1823023
1825168 1825368
1827150 1827480
1827579 1894756
1895968 1896785
1899788 1908315
1910914 1911301
1915214 1936240
1946262 1946564
1948917 1949051
1950830 1950989
1954699 1956803
1967594 1967893
1968525 1968769
1976685 1977609
1979757 1980055
1982998 1983103
1990908 1995172
1999563 2001438
2002777 2008773
2018546 2024325
2028064 2028128
2029068 2031416
2038296 2038448
2040412 2040760
2041821 2041953
2043849 2048299
2052642 2054522
2054684 2088043
2088133 2090135
2090663 2090978
2092392 2104164
2109674 2110176
2113937 2115765
2116342 2117225
2122600 2125280
2126883 2127032
2134280 2134412
2154835 2155159
2165172 2167175
2168361 2174297
2176955 2179645
2179744 2191090
2196266 2200313
2209291 2219349
2225495 2226075
2229384 2229438
2239375 2239549
2239669 2240175
2243493 2244280
2250414 2250475
2250560 2264938
2282044 2282717
2286442 2286725
2297639 2299051
2300791 2303175
2306010 2306265
2307220 2308854
2316376 2320824
2322777 2323156
2334410 2352343
2355135 2355941
2359666 2368021
2369853 2381309
2382594 2455274
2456973 2457144
2461507 2461589
2462866 2472056
2475148 2477071
2477349 2477970
2487082 2487602
2493614 2493904
2495023 2495135
2502754 2504953
2510729 2510868
2516517 2521357
2522263 2524358
2527810 2529582
2529712 2529916
2532682 2539590
2539676 2543459
2543694 2551307
2551405 2568956
2569347 2574929
2578777 2615763
2617239 2617334
2618724 2618969
2634192 2640646
2647499 2648450
2650366 2650501
2652388 2655215
2662106 2669449
2676056 2680014
2686360 2687646
2688895 2688987
2692378 2692657
2694370 2694543
2698979 2703164
2703240 2704228
2704734 2705141
2706010 2706646
2708875 2713014
2717865 2718213
2719075 2728169
2728380 2728782
2730674 2730738
2736490 2737622
2739384 2745550
2747018 2748975
2752196 2755340
2756042 2756685
2759795 2766562
2767924 2768134
2771007 2774239
2775756 2777768
2778776 2778843
2779751 2779909
2782095 2785650
2794193 2794344
2800715 2803236
2818081 2820016
2830475 2830821
2835390 2835940
2838220 2846912
2847959 2848017
2851728 2858932
2862450 2862550
2862682 2864665
2868198 2896911
2898473 2900805
2904179 2904348
2913008 2915105
2916466 2916880
2918622 2921021
2921350 2921496
2924765 2924981
2925757 2934071
2954546 2954742
2959502 2967560
2970364 2985187
2987140 2990406
2990691 2997992
3005495 3005722
3012148 3012542
3047542 3047801
3050261 3051474
3052929 3054652
3055648 3056372
3057259 3062236
3065705 3066690
3068050 3068137
3070241 3070588
3073393 3073768
3074414 3078932
3083814 3083995
3086394 3086551
3086639 3086813
3090990 3091275
3092282 3092767
3098907 3100634
3101997 3107035
3107660 3109077
3111146 3111409
3113546 3115323
3120774 3127443
3130777 3132916
3135522 3135733
3136325 3142321
3145834 3149858
3151808 3152192
3153926 3154838
3167054 3169834
3170972 3172027
3174665 3174895
3176726 3177489
3179559 3180183
3184106 3186734
3187106 3187397
3190123 3190293
3192828 3205677
3212180 3213230
3215172 3217349
3217959 3223381
3224415 3225710
3240311 3240577
3242357 3247709
3251575 3253039
3255166 3265180
3266820 3267194
3268957 3269101
3269942 3270238
3276124 3279708
3281794 3282031
3283612 3283675
3284544 3284846
3289181 3289428
3291344 3293299
3295879 3296047
3299249 3299415
3300313 3300551
3304306 3311569
3312394 3316427
3320539 3320833
3320985 3323786
3325488 3325678
3333596 3334020
3336536 3336859
3341751 3342072
3343370 3343881
3345425 3346415
3346796 3347550
3348696 3348859
3351224 3353203
3354728 3356983
3364586 3370553
3377445 3377582
3379011 3379279
3384534 3392286
3397835 3401351
3414936 3417657
3421887 3422616
3425854 3426256
3427129 3427750
3429518 3430299
3430388 3430497
3430846 3431930
3435642 3440304
3443325 3443380
3448532 3448952
3451462 3456048
3458002 3471301
3488216 3489791
3497263 3499307
3501950 3507626
3511682 3516800
3519803 3519894
3520051 3523075
3525408 3529214
3530143 3531073
3533920 3541928
3544973 3545160
3547662 3548291
3548703 3548993
3550310 3560258
3562282 3564092
3567457 3567584
3570144 3570649
3571169 3571632
3573552 3576891
3577448 3586201
3589710 3593760
3596036 3596171
3598855 3606605
3609245 3609340
3613310 3613653
3616551 3616885
3625816 3626658
3632365 3640944
3641125 3642396
3644682 3645221
3646243 3686138
3687979 3690148
3692120 3711746
3711825 3713810
3716545 3716759
3721234 3721391
3728868 3733415
3734722 3735556
3739311 3740867
3742106 3742418
3746082 3750675
3751137 3751426
3752496 3752866
3753475 3754370
3755053 3764970
3767689 3773099
3776655 3777413
3818477 3818630
3819499 3819627
3825151 3836627
3838951 3839902
3842723 3846950
3848988 3849181
3852032 3852268
3854823 3855116
3860915 3863964
3868949 3871284
3877465 3877749
3890055 3890269
3891205 3893571
3894012 3897624
3897712 3897845
3903310 3903617
3906275 3909734
3911873 3912046
3912746 3916167
3917456 3919183
3919939 3919993
3921206 3921454
3922820 3946220
3948135 3949195
3952607 3955597
3956479 3956886
3957865 3957997
3958627 3959478
3961758 3961990
3985172 3985400
3986811 3988903
4001599 4006572
4008497 4010792
4011749 4012615
4013518 4017011
4018876 4019126
4020133 4021646
4022160 4022620
4026397 4026749
4027214 4030599
4033646 4036012
4036749 4037785
4040233 4040489
4047945 4049153
4050889 4053775
4058095 4058340
4059534 4086757
4092753 4093123
4097105 4097590
4098447 4100539
4101668 4101760
4103717 4104845
4108432 4115652
4117538 4119720
4122141 4125083
4127795 4128112
4147352 4150339
4153243 4153438
4158090 4159190
4160001 4160101
4163518 4163937
4165278 4165993
4167820 4173550
4174143 4174394
4177082 4177228
4177734 4178605
4179633 4179960
4180964 4182001
4183915 4184232
4186895 4187318
4188530 4188635
4189502 4191607
4192800 4196214
4197188 4197398
4198301 4198453
4200240 4201750
4203130 4203675
4204278 4205497
4207055 4212266
4214554 4215327
4217563 4230974
4231298 4238802
4241988 4243317
4245814 4246214
4247029 4269026
4277361 4277549
4285048 4285393
4289715 4297141
4297407 4297615
4301178 4303715
4307031 4307975
4338320 4338499
4339877 4341647
4342987 4353415
4354694 4357707
4359372 4359464
4359994 4360251
4364464 4366394
4375113 4384717
4384825 4385089
4387944 4388215
4391109 4391384
4397054 4397254
4398504 4399423
4408562 4410040
4415447 4415612
4415756 4416104
4419139 4420399
4421309 4422626
4424691 4425059
4427437 4428965
4433626 4434892
4435010 4442978
4446087 4447609
4451513 4452007
4453241 4459848
4460494 4463726
4468245 4468307
4470668 4473071
4475483 4475583
4475922 4475976
4480020 4480599
4481256 4483643
4484390 4490345
4491652 4494524
4496299 4496723
4498933 4499115
4501515 4502035
4504603 4505846
4506950 4507078
4508004 4510694
4512932 4513231
4517481 4518590
4521630 4522080
4523693 4529517
4533674 4533837
4534492 4534653
4535053 4536511
4544753 4545632
4547203 4547471
4550448 4556898
4570365 4570531
4585091 4588672
4592237 4601583
4601953 4602021
4604594 4607372
4613622 4619419
4621829 4622227
4623215 4623888
4626966 4629624
4630515 4631837
4632188 4647403
4649449 4652641
4654882 4655173
4656609 4657934
4661359 4663248
4664554 4667930
4668128 4671771
4673400 4674094
4674760 4675049
4680704 4681128
4687877 4689432
4690472 4690612
4692360 4698289
4700938 4701109
4701957 4702041
4705594 4706218
4708907 4709793
4713543 4714267
4714739 4716395
4726318 4727525
4727601 4731889
4734689 4751821
4753931 4754073
4758615 4759102
4759917 4760435
4762346 4778948
4779023 4781409
4790174 4792357
4794894 4799243
4807793 4808731
4809043 4812036
4812924 4814450
4829651 4832984
4835829 4836059
4837568 4842355
4847927 4848211
4853446 4853702
4855879 4856911
4857695 4862111
4865488 4870695
4872738 4872827
4874693 4875422
4878901 4885301
4886471 4888227
4888296 4888425
4890021 4903927
4904688 4904782
4905306 4912498
4914860 4915120
4918740 4922169
4927337 4928919
4929399 4929547
4931148 4935263
4936756 4937090
4939542 4943310
4946871 4951608
4954443 4954785
4955608 4956075
4956143 4962106
