gi_375356399_ref_NC_016776.1_
48567 49923
80234 81091
110111 112288
113318 113570
116179 116648
163657 168601
213501 273107
341990 346122
379289 381278
381360 381455
386055 391425
406846 408670
408881 409404
466917 466999
467158 467397
468000 469480
471237 471293
483467 483748
487358 501792
555802 559290
560068 560214
683512 690460
716021 716466
795490 803236
805944 813962
830969 831658
891373 894045
931743 933977
941325 942959
946694 971279
971432 971784
972046 973729
982480 983433
1119365 1119444
1120601 1120725
1132894 1138097
1140867 1140965
1146163 1146226
1160505 1161682
1212497 1213873
1314971 1336438
1362132 1365357
1381354 1408021
1462003 1486275
1604383 1649828
1695280 1695472
1696618 1718535
1718871 1719372
1719985 1720305
1731183 1731572
1793681 1793769
1801006 1801384
1805667 1825883
1827454 1827516
1839013 1839216
1844519 1846018
1878709 1878787
1922926 1926730
1941424 1942825
1971274 1971744
1975487 1976367
2015725 2020899
2059507 2079161
2084965 2102391
2104791 2146426
2203076 2203256
2204322 2205524
2211075 2219660
2225873 2226674
2241377 2244228
2290080 2294304
2327159 2359667
2359738 2359828
2361873 2365029
2367793 2367872
2369692 2437040
2440515 2442326
2443020 2443509
2444058 2471220
2490491 2491133
2560086 2570034
2602309 2606281
2652877 2655881
2719271 2724949
2845295 2845861
2874099 2874737
2925123 2925264
2933293 2934357
2940177 2941216
2964277 2964839
2965216 2965318
2967583 2968142
2968345 2972264
2992429 2992718
2997034 2997158
3008812 3017595
3041497 3041555
3041904 3055987
3057173 3057340
3128179 3139475
3183561 3185101
3244573 3244960
3287897 3303418
3372116 3372261
3381155 3381818
3395242 3397334
3484813 3486678
3526894 3527535
3572381 3588445
3756038 3756579
3847598 3848778
3856733 3857910
3859569 3860246
3899528 3904515
3918055 3922382
4073270 4075482
4079200 4084218
4112183 4124137
4129801 4131162
4134793 4136590
4154190 4154417
4231256 4233071
4289862 4322484
4322743 4329090
4352754 4353276
4414943 4415298
4415867 4440231
4490441 4496752
4515419 4519426
4542545 4543592
4591371 4600721
4601687 4610857
4612281 4612350
4612597 4615198
4615736 4617257
4618356 4621128
4645980 4651502
4704841 4721151
4800154 4813213
4815757 4857808
4883355 4894478
4917761 4939638
4955264 4957137
4984095 4984362
5045021 5051764
5054507 5055598
5057703 5060024
5060762 5061961
5084232 5100454
5103928 5106161
5110270 5116638
5132709 5133134
5174345 5250878
5261571 5263839
5268799 5270218
5287964 5293454
5306656 5307411
5338768 5340637
