gi_117617447_ref_NC_008570.1_
6380 7687
8264 8805
10164 15938
19413 20231
20442 21532
25368 29625
29745 31540
32906 38528
40857 42088
45467 46880
47904 49997
54167 58104
59368 60935
61557 73199
74883 75079
85032 86675
87195 89091
89212 95950
96378 102266
104189 108071
111284 113906
114573 114880
115727 117999
119531 120412
122222 123224
134033 135484
137032 138789
139732 141381
143037 143352
147295 149151
152209 153295
154803 164390
164966 173484
177145 177632
179265 182951
184863 185554
190135 190202
194852 200094
200831 206452
208449 209545
209666 220132
243928 246819
247378 247964
249199 254481
255084 256510
257629 259584
259894 260300
260393 260531
264116 266384
268072 268124
269207 269792
274917 290631
291083 294651
296065 300353
304066 307448
309534 309711
317275 321335
322853 331420
331898 335209
349092 349202
349304 352174
355102 355703
356027 356542
357659 360794
362928 364382
365079 372718
376859 377609
379491 388326
389090 390201
392860 398540
399660 401716
403844 408891
409194 409628
409929 410526
414275 422124
433833 439309
440452 442131
442539 460331
461440 463244
465651 468285
468351 479045
479817 479915
480786 481033
481570 482385
484427 487761
491980 492033
495436 495882
497974 498623
498908 499497
499962 500146
502811 503485
507961 512401
513333 523192
525297 529716
533496 535330
535534 540414
543657 547015
547841 552109
552211 552695
553367 555366
557128 570037
570346 575262
575638 581275
587177 588390
589380 589603
590382 591718
592169 592272
609108 609211
610777 610857
614535 615460
615542 616945
626313 626972
635265 635464
636692 639421
649306 654402
655688 657062
658979 659089
659756 662290
666702 666781
670930 671758
675834 682627
682899 684588
685182 687076
687991 688419
688841 693999
696536 696629
696776 697321
698286 701215
703274 703333
708062 712524
713175 714780
717319 728473
731172 745639
752528 752835
754133 757390
760622 763738
768333 770219
777096 780206
780336 780408
782039 784747
788946 792377
794695 794801
798929 798993
800015 803551
803750 809119
809245 814084
815376 816087
817014 817924
821638 824660
829077 829743
844349 849234
850974 851031
854140 855694
860790 860885
872134 873570
877763 877981
879603 881068
884301 894561
896982 900614
901663 901908
904829 906245
906448 907719
911580 923813
924273 938122
938213 947189
947386 950881
954593 956595
958613 959269
959370 959586
963764 964723
965789 965922
969253 977955
978465 986323
988643 990441
990844 997658
1003378 1003456
1005366 1012037
1012631 1015478
1016156 1017413
1018685 1025771
1027193 1027765
1027842 1027910
1030941 1031050
1032975 1033420
1033749 1039048
1040990 1041139
1050790 1058488
1060881 1063866
1065572 1065635
1067067 1069793
1074893 1079188
1080278 1081318
1084326 1087315
1089746 1093853
1094222 1095870
1096791 1108116
1108695 1121833
1126747 1129688
1131796 1132343
1138435 1138598
1139312 1188929
1189213 1193088
1193820 1205033
1206749 1209134
1210287 1219998
1223469 1225984
1226900 1235398
1239336 1249027
1250584 1254697
1255556 1257262
1257413 1259430
1259802 1261421
1261693 1264065
1265851 1265980
1267506 1270234
1271103 1271422
1285601 1294774
1296976 1297029
1297904 1300764
1302222 1309647
1313293 1318719
1328776 1341778
1344286 1349240
1349796 1353302
1355900 1357817
1359395 1363889
1365041 1366418
1366504 1366654
1368042 1368100
1369560 1370975
1371072 1371223
1372768 1373958
1374641 1377984
1379378 1379491
1379765 1382139
1385241 1392265
1393516 1398081
1403298 1403535
1405896 1414471
1415283 1416200
1417814 1420520
1422113 1423165
1424406 1424578
1424654 1424734
1425881 1432867
1433056 1453722
1454795 1457849
1472945 1494789
1496222 1502738
1504119 1506548
1510241 1534891
1536120 1543606
1544733 1546055
1546328 1546991
1547098 1547164
1548447 1550988
1551451 1551612
1554851 1555896
1556445 1557779
1558476 1558536
1559903 1565202
1567488 1567872
1572683 1572820
1573190 1577637
1578115 1578177
1579337 1595905
1597411 1598214
1598285 1601139
1601826 1607810
1609722 1611766
1614857 1626842
1629713 1630942
1631190 1639707
1642331 1650583
1650931 1651761
1660130 1661051
1661222 1662332
1664444 1667288
1675216 1675287
1677173 1677297
1677871 1677957
1678375 1678459
1679950 1680569
1682965 1683037
1690099 1691327
1694454 1696154
1696259 1696410
1698471 1699178
1702343 1702435
1702543 1706566
1710022 1710911
1712571 1712993
1714293 1734899
1737485 1742234
1743107 1743179
1745802 1748158
1748915 1750968
1751157 1753416
1757044 1761504
1763512 1763789
1771535 1773108
1775295 1777335
1778087 1778549
1783935 1784199
1784412 1791623
1792337 1793758
1794684 1794856
1800035 1800087
1801585 1805674
1807043 1807190
1808809 1809062
1809887 1810778
1816727 1816925
1819335 1820212
1824379 1829704
1831322 1834596
1834699 1839353
1840793 1854770
1857439 1858803
1859354 1859654
1860160 1860230
1860736 1873033
1873870 1876923
1878186 1881412
1883063 1894876
1897345 1897746
1898393 1901733
1905404 1907431
1907638 1909156
1912053 1927868
1928076 1935932
1936379 1937971
1953322 1955428
1955563 1960691
1960768 1974134
1978566 1979507
1979951 1989206
1989467 2000825
2002932 2007860
2011810 2013327
2020529 2025828
2026720 2028294
2029600 2031411
2031716 2036827
2038267 2039021
2040580 2042362
2042533 2044042
2046245 2047219
2054833 2054958
2055343 2058124
2059434 2067830
2074005 2085190
2085630 2098084
2106033 2106109
2109579 2111192
2111709 2116355
2117533 2124354
2124533 2125577
2129248 2132718
2133942 2134733
2137190 2137254
2138161 2139239
2142429 2142509
2145904 2151372
2153343 2156368
2157472 2158230
2164065 2165686
2166223 2166284
2167344 2167752
2171309 2171909
2174069 2175424
2182998 2183498
2185459 2185687
2189653 2194850
2199812 2209571
2211607 2212227
2212822 2212932
2219909 2221889
2223486 2264912
2265809 2274150
2274347 2274847
2275850 2286938
2289037 2290284
2291183 2296034
2297088 2311932
2312875 2322588
2322822 2322905
2323362 2325928
2326191 2330285
2331280 2331886
2332806 2337344
2338079 2338901
2338997 2339243
2342357 2358553
2361671 2362131
2364120 2367318
2406741 2409024
2409895 2422223
2423835 2437523
2437933 2440676
2440853 2453396
2455094 2455432
2456695 2461251
2461484 2463094
2463795 2492081
2492215 2493724
2498038 2517709
2518334 2521872
2521943 2529210
2531883 2538330
2545148 2545199
2548981 2551478
2552060 2552272
2557519 2569028
2575631 2576276
2580605 2580799
2580977 2581133
2583514 2597485
2599446 2601015
2602219 2605209
2607617 2615739
2615904 2628331
2630416 2639078
2639499 2639681
2640601 2642136
2642727 2643302
2643554 2643724
2645475 2650452
2651557 2656757
2657516 2657844
2659516 2664680
2666593 2667980
2668572 2685551
2685697 2702750
2702945 2705145
2705408 2716035
2720664 2731925
2732386 2733227
2735956 2738621
2738972 2740722
2742939 2745335
2746008 2749675
2750197 2755861
2778549 2780921
2783165 2783441
2791236 2807444
2813140 2826943
2829233 2829398
2829732 2833387
2835271 2847623
2848494 2856344
2858502 2858687
2861951 2874880
2877704 2878237
2880321 2887845
2906017 2908346
2910259 2914996
2916624 2928536
2929773 2948904
2951064 2952235
2956057 2960391
2961290 2963471
2965955 2966816
2970961 2983676
2987345 2989373
2991318 2993908
2995052 2996551
2997323 2997413
2998354 2998445
3011662 3040293
3040759 3046985
3048672 3050749
3051004 3052438
3052539 3063458
3065594 3065719
3066656 3066890
3069754 3070059
3073278 3076290
3076894 3078182
3079625 3079727
3080241 3080301
3084518 3084675
3087232 3090331
3090404 3094828
3106842 3111062
3112362 3112476
3116405 3116796
3119299 3119894
3122702 3124409
3125697 3127871
3128249 3135144
3135937 3153340
3158354 3166625
3167478 3167973
3168638 3168689
3170555 3197016
3197841 3200118
3200236 3202082
3208664 3211664
3212144 3213586
3214042 3218764
3219017 3268777
3274641 3277989
3278947 3282842
3285754 3288010
3290540 3290743
3291014 3294017
3311035 3316310
3316952 3318217
3319174 3320742
3322467 3323524
3324475 3324566
3325439 3356191
3357554 3357700
3359851 3360589
3360689 3360746
3361703 3371509
3371619 3378591
3379619 3379842
3382919 3384942
3386658 3389467
3390324 3393855
3395058 3395149
3395776 3405614
3408199 3408286
3409529 3411549
3414285 3420644
3421459 3423826
3429006 3431603
3432647 3435447
3438347 3438788
3440249 3440519
3443908 3444158
3445922 3449551
3449694 3451560
3453024 3459031
3463366 3467909
3479664 3487443
3487657 3491466
3497472 3499295
3500146 3500333
3509018 3509121
3511176 3512139
3514616 3514985
3515070 3516371
3525819 3530846
3535021 3535790
3536020 3536642
3537618 3551992
3552940 3553180
3555059 3556668
3578280 3589388
3589477 3591079
3593984 3594538
3597107 3606711
3606831 3625574
3628897 3636769
3640534 3640616
3641039 3641320
3641882 3644588
3647141 3653533
3653636 3656162
3660307 3662173
3663958 3664075
3664904 3666241
3667276 3672094
3673722 3674138
3675488 3676903
3677896 3685070
3685182 3689284
3692086 3697594
3699917 3717062
3721101 3724410
3727277 3734933
3735536 3737334
3744137 3747950
3748637 3756121
3756199 3756295
3756395 3765155
3767706 3769635
3774454 3774575
3776270 3776514
3776800 3779701
3781654 3783847
3784675 3789178
3790339 3790459
3796900 3809976
3811057 3825361
3825464 3827290
3828208 3844689
3844784 3852023
3852259 3854472
3856988 3861658
3865869 3866175
3867559 3869554
3869641 3869772
3875586 3875637
3880654 3881791
3884383 3891140
3891534 3891803
3894201 3894250
3894767 3896273
3897212 3903876
3905099 3906391
3907762 3915683
3916706 3931108
3933594 3938362
3940203 3949108
3950618 3951568
3951645 3959890
3961371 3966606
3966764 3968722
3971562 3972078
3976310 3977510
3979393 3980516
3982195 3982507
3984835 3984891
3988089 3988139
3990911 3990999
3991438 3992381
3993722 3995913
3997402 4003891
4008134 4009812
4011138 4016791
4017513 4017747
4032295 4032403
4033114 4036118
4037178 4046200
4046801 4050011
4050792 4050870
4052109 4052815
4054205 4055948
4056061 4056119
4063157 4068476
4068596 4069086
4069255 4069375
4069647 4073632
4075582 4086450
4087094 4092599
4094753 4095064
4098892 4102672
4102753 4106761
4108034 4113763
4113976 4121306
4122749 4127491
4127577 4129651
4129802 4130496
4137820 4141558
4146763 4154384
4154467 4161356
4163935 4164514
4167452 4168994
4169896 4170897
4174915 4175085
4175948 4182092
4190359 4195266
4196747 4199636
4201794 4205477
4207065 4212685
4214691 4215122
4219558 4234621
4234719 4238477
4239800 4240941
4241846 4241910
4244202 4252671
4254142 4254219
4261656 4263139
4265678 4268640
4270569 4270709
4276913 4283013
4283954 4284385
4285159 4286791
4296023 4305803
4317537 4326627
4327016 4335892
4336954 4343709
4360276 4370411
4371588 4371780
4371914 4373119
4378260 4388922
4389363 4390541
4390865 4397073
4399436 4414086
4416950 4417085
4418190 4426770
4427031 4434093
4434605 4440204
4441552 4443211
4444373 4445214
4445843 4449128
4449244 4454602
4454752 4455415
4455685 4456544
4475674 4475751
4476476 4485815
4489692 4489759
4495586 4501314
4501461 4502403
4504217 4507696
4507798 4512127
4513546 4516143
4524489 4532948
4534824 4536793
4537191 4540597
4541563 4547156
4548365 4548419
4549472 4552956
4553906 4555308
4560934 4563649
4564075 4573237
4573422 4576441
4579651 4580148
4640076 4640201
4644183 4645725
4646396 4649712
4651020 4653788
4654510 4662201
4663151 4663242
4664525 4667820
4668599 4675928
4678363 4678447
4680103 4686250
4686588 4697476
4697599 4708164
4708937 4714021
