NC_007795.1
34167 42663
47377 50338
55524 58019
91167 92037
100193 101150
113481 116203
126758 130826
145182 148376
157760 157975
173793 174138
178107 180171
211868 212640
264177 264772
273290 274689
284611 291611
291991 293570
323151 324472
336817 336930
341680 341923
342746 343338
345829 346094
347377 347616
383252 386520
391798 391992
394153 395268
395536 396080
397159 399254
401002 401421
401580 402190
402600 404717
405278 406706
406826 407138
407503 408518
448805 453810
454129 454182
495255 498092
547987 548367
549971 550192
550270 550772
551267 552652
552883 552964
569698 570075
586513 588997
590621 594662
603754 603995
623791 624256
720051 720270
757478 758677
768105 768570
773057 773250
775690 775811
788698 790201
795190 795526
796100 796831
815673 815872
866215 866349
924864 924924
946702 948490
1003953 1004218
1071230 1071477
1111249 1111318
1132167 1132991
1159313 1159637
1169138 1170174
1244853 1247254
1249808 1250342
1251280 1251857
1253905 1258897
1286638 1286810
1332569 1333245
1345139 1345334
1348871 1349840
1375124 1378292
1458989 1508594
1597637 1597728
1705654 1707663
1718964 1719033
1760414 1760890
1776391 1776618
1795412 1796418
1810724 1811110
1813585 1813985
1814756 1814914
1815239 1815449
1821127 1821480
1830329 1861978
1897210 1898838
1901441 1906454
1923398 1923555
1924518 1967012
2018144 2018686
2026776 2026884
2029727 2030041
2035268 2074642
2075529 2075605
2079619 2081709
2083522 2086705
2122613 2127970
2167206 2167267
2237166 2238687
2242103 2244263
2264099 2265266
2265866 2266081
2281821 2283055
2284683 2286480
2286757 2287260
2288254 2289439
2289965 2290378
2292753 2299326
2371222 2374875
2378304 2378943
2399445 2400052
2408804 2408995
2425173 2426043
2451025 2451146
2473062 2473379
2527443 2527771
2532248 2532579
2533737 2534735
2547672 2547797
2549031 2549956
2552173 2554202
2555125 2555387
2556469 2557465
2559820 2560723
2570717 2574342
2579222 2580156
2581812 2583827
2596062 2597775
2599647 2599802
2606040 2606091
2613348 2613639
2628505 2629961
2633420 2635963
2641131 2641565
2647690 2647849
2702335 2703333
2709606 2710075
2760066 2760463
2760539 2768267
2768403 2768744
2806948 2807125
2807457 2807908
