gi_42779081_ref_NC_003909.8_
9400 11768
11770 14261
29117 34006
82500 85606
85608 87118
145478 150222
279618 284989
300625 302127
302129 302381
302427 303906
304537 305345
313843 318586
322890 328028
330712 334664
605223 606404
606406 609676
818158 819363
819365 819506
821053 822881
991307 991570
1211559 1212154
1213506 1213888
1285546 1285711
1286524 1287753
2995041 2995549
3233841 3235298
3489299 3489363
3489365 3489480
4347100 4347876
4496374 4496553
4649860 4654260
4655524 4655751
5010085 5010174
5141073 5142543
