NC_003197.2
64542 64900
65092 66326
75005 75188
116195 116395
128911 129091
188451 189602
223912 225619
247244 247325
288972 294552
306509 328636
330383 339833
342315 342680
368876 369915
370098 370523
425253 427102
472421 472967
629189 636831
781151 793840
812387 812531
819460 819614
829977 830359
830507 833069
906730 906938
962582 979354
979727 979966
980371 1005304
1025026 1025845
1026072 1027437
1098429 1113032
1116684 1129667
1131628 1132895
1136138 1138005
1224151 1224450
1359895 1360416
1433826 1434012
1532017 1532109
1549970 1550279
1626281 1626525
1626695 1627394
1627783 1629667
1630128 1631971
1707797 1709031
1852630 1853092
1882920 1884500
1990764 1992623
2045623 2046334
2046799 2047460
2047739 2048861
2049384 2050517
2079832 2082169
2167320 2170920
2231657 2232563
2242568 2247551
2330837 2340798
2343103 2343388
2347594 2353493
2505899 2505976
2550955 2551650
2562506 2563903
2579221 2579931
2606480 2606533
2621624 2621740
2646511 2646888
2650542 2650689
2728549 2777041
2796533 2801729
2851578 2854731
2857974 2859851
2866683 2906215
2907416 2910618
2911878 2915977
2969706 2969838
3045177 3046834
3076830 3078001
3094315 3096179
3102157 3102885
3194704 3194925
3414220 3414791
3420250 3426985
3460317 3461707
3569432 3571828
3635065 3635775
3683127 3683326
3713223 3713307
3902685 3902885
3938974 3939851
3979501 3985182
4049584 4054006
4099951 4100237
4102687 4105157
4148923 4150569
4159133 4160085
4195817 4201347
4264628 4265554
4268335 4268388
4351088 4356457
4394478 4399840
4399917 4400084
4416692 4417806
4419326 4437861
4499594 4499691
4559289 4560000
4564904 4566430
4636239 4636381
4658044 4681194
4731115 4752272
4757186 4758332
4776215 4785524
4825869 4831569
NC_003277.2
5648 5820
8057 10231
13617 15272
15793 16405
48076 55561
57417 57827
60783 61140
67464 93498
